body {
	'mass': 0.500000
	'position': (2.000000, 0.000000, 0.000000)
	'velocity': (2.000000, 0.000000, 0.000000)
}
body {
	'mass': 2.000000
	'position': (0.500000, 0.000000, 0.000000)
	'velocity': (-0.500000, 0.000000, 0.000000)
}
