body {
	'mass': 0.500000
	'position': (5.389791, 0.000000, 0.000000)
	'velocity': (0.662120, 0.000000, 0.000000)
}
body {
	'mass': 2.000000
	'position': (-0.347448, 0.000000, 0.000000)
	'velocity': (-0.165530, 0.000000, 0.000000)
}
